Parametro randomico: 1
ListaDisc size(): 563
Comecando inserirInicio
Disciplina Disc_1 Matemática Comercial e Financeira
Agenda turma pré-disc 
Turma: 1º Bach. Administração
   -1   -1   -1   -1   -1   -1   -1   -1   -1   -1   -1   -1    0    0    0    0
   -1   -1   -1   -1   -1   -1   -1   -1   -1   -1   -1   -1    0    0    0    0
   -1   -1   -1   -1   -1   -1   -1   -1   -1   -1   -1   -1    0    0    0    0
   -1   -1   -1   -1   -1   -1   -1   -1   -1   -1   -1   -1    0    0    0    0
   -1   -1   -1   -1   -1   -1   -1   -1   -1   -1   -1   -1    0    0    0    0
    0    0    0    0    0    0    0    0    0    0    0    0    0    0    0    0
Debug 1
Debug 2
Debug 3
Contador 0
12 12 
   -1   -1   -1   -1   -1   -1   -1   -1   -1   -1   -1   -1    1    1    1    1
   -1   -1   -1   -1   -1   -1   -1   -1   -1   -1   -1   -1    0    0    0    0
   -1   -1   -1   -1   -1   -1   -1   -1   -1   -1   -1   -1    0    0    0    0
   -1   -1   -1   -1   -1   -1   -1   -1   -1   -1   -1   -1    0    0    0    0
   -1   -1   -1   -1   -1   -1   -1   -1   -1   -1   -1   -1    0    0    0    0
    0    0    0    0    0    0    0    0    0    0    0    0    0    0    0    0


Disciplina Disc_2 Teoria Geral da Administração I
Agenda turma pré-disc 
Turma: 1º Bach. Administração
   -1   -1   -1   -1   -1   -1   -1   -1   -1   -1   -1   -1    1    1    1    1
   -1   -1   -1   -1   -1   -1   -1   -1   -1   -1   -1   -1    0    0    0    0
   -1   -1   -1   -1   -1   -1   -1   -1   -1   -1   -1   -1    0    0    0    0
   -1   -1   -1   -1   -1   -1   -1   -1   -1   -1   -1   -1    0    0    0    0
   -1   -1   -1   -1   -1   -1   -1   -1   -1   -1   -1   -1    0    0    0    0
    0    0    0    0    0    0    0    0    0    0    0    0    0    0    0    0
Debug 1
Debug 2
Debug 3
Contador 0
12 13 14 12 13 14 
Contador 0

Contador 1
12 13 14 12 13 14 
   -1   -1   -1   -1   -1   -1   -1   -1   -1   -1   -1   -1    1    1    1    1
   -1   -1   -1   -1   -1   -1   -1   -1   -1   -1   -1   -1    2    2    0    0
   -1   -1   -1   -1   -1   -1   -1   -1   -1   -1   -1   -1    0    0    0    0
   -1   -1   -1   -1   -1   -1   -1   -1   -1   -1   -1   -1    2    2    0    0
   -1   -1   -1   -1   -1   -1   -1   -1   -1   -1   -1   -1    0    0    0    0
    0    0    0    0    0    0    0    0    0    0    0    0    0    0    0    0


Disciplina Disc_3 Ética Geral e Profissional
Agenda turma pré-disc 
Turma: 1º Bach. Administração
   -1   -1   -1   -1   -1   -1   -1   -1   -1   -1   -1   -1    1    1    1    1
   -1   -1   -1   -1   -1   -1   -1   -1   -1   -1   -1   -1    2    2    0    0
   -1   -1   -1   -1   -1   -1   -1   -1   -1   -1   -1   -1    0    0    0    0
   -1   -1   -1   -1   -1   -1   -1   -1   -1   -1   -1   -1    2    2    0    0
   -1   -1   -1   -1   -1   -1   -1   -1   -1   -1   -1   -1    0    0    0    0
    0    0    0    0    0    0    0    0    0    0    0    0    0    0    0    0
Debug 1
Debug 2
Debug 3
Contador 0
14 14 
Contador 0
12 13 14 12 13 14 
   -1   -1   -1   -1   -1   -1   -1   -1   -1   -1   -1   -1    1    1    1    1
   -1   -1   -1   -1   -1   -1   -1   -1   -1   -1   -1   -1    2    2    3    3
   -1   -1   -1   -1   -1   -1   -1   -1   -1   -1   -1   -1    0    0    0    0
   -1   -1   -1   -1   -1   -1   -1   -1   -1   -1   -1   -1    2    2    0    0
   -1   -1   -1   -1   -1   -1   -1   -1   -1   -1   -1   -1    3    3    0    0
    0    0    0    0    0    0    0    0    0    0    0    0    0    0    0    0


Disciplina Disc_4 Comportamento Organizacional
Agenda turma pré-disc 
Turma: 1º Bach. Administração
   -1   -1   -1   -1   -1   -1   -1   -1   -1   -1   -1   -1    1    1    1    1
   -1   -1   -1   -1   -1   -1   -1   -1   -1   -1   -1   -1    2    2    3    3
   -1   -1   -1   -1   -1   -1   -1   -1   -1   -1   -1   -1    0    0    0    0
   -1   -1   -1   -1   -1   -1   -1   -1   -1   -1   -1   -1    2    2    0    0
   -1   -1   -1   -1   -1   -1   -1   -1   -1   -1   -1   -1    3    3    0    0
    0    0    0    0    0    0    0    0    0    0    0    0    0    0    0    0
Debug 1
Debug 2
Debug 3
Contador 0
14 14 
Contador 0
12 13 14 12 13 14 
   -1   -1   -1   -1   -1   -1   -1   -1   -1   -1   -1   -1    1    1    1    1
   -1   -1   -1   -1   -1   -1   -1   -1   -1   -1   -1   -1    2    2    3    3
   -1   -1   -1   -1   -1   -1   -1   -1   -1   -1   -1   -1    4    4    0    0
   -1   -1   -1   -1   -1   -1   -1   -1   -1   -1   -1   -1    2    2    4    4
   -1   -1   -1   -1   -1   -1   -1   -1   -1   -1   -1   -1    3    3    0    0
    0    0    0    0    0    0    0    0    0    0    0    0    0    0    0    0


Disciplina Disc_5 Língua Portuguesa e Correspondência Comercial
Agenda turma pré-disc 
Turma: 1º Bach. Administração
   -1   -1   -1   -1   -1   -1   -1   -1   -1   -1   -1   -1    1    1    1    1
   -1   -1   -1   -1   -1   -1   -1   -1   -1   -1   -1   -1    2    2    3    3
   -1   -1   -1   -1   -1   -1   -1   -1   -1   -1   -1   -1    4    4    0    0
   -1   -1   -1   -1   -1   -1   -1   -1   -1   -1   -1   -1    2    2    4    4
   -1   -1   -1   -1   -1   -1   -1   -1   -1   -1   -1   -1    3    3    0    0
    0    0    0    0    0    0    0    0    0    0    0    0    0    0    0    0
Debug 1
Debug 2
Debug 3
Contador 0

Contador 1

Contador 2
14 14 
Contador 0

Contador 1
14 14 
   -1   -1   -1   -1   -1   -1   -1   -1   -1   -1   -1   -1    1    1    1    1
   -1   -1   -1   -1   -1   -1   -1   -1   -1   -1   -1   -1    2    2    3    3
   -1   -1   -1   -1   -1   -1   -1   -1   -1   -1   -1   -1    4    4    5    5
   -1   -1   -1   -1   -1   -1   -1   -1   -1   -1   -1   -1    2    2    4    4
   -1   -1   -1   -1   -1   -1   -1   -1   -1   -1   -1   -1    3    3    5    5
    0    0    0    0    0    0    0    0    0    0    0    0    0    0    0    0


Disciplina Disc_6 Direito e Legislação empresarial
Agenda turma pré-disc 
Turma: 3º Bach. Administração
   -1   -1   -1   -1   -1   -1   -1   -1   -1   -1   -1   -1    0    0    0    0
   -1   -1   -1   -1   -1   -1   -1   -1   -1   -1   -1   -1    0    0    0    0
   -1   -1   -1   -1   -1   -1   -1   -1   -1   -1   -1   -1    0    0    0    0
   -1   -1   -1   -1   -1   -1   -1   -1   -1   -1   -1   -1    0    0    0    0
   -1   -1   -1   -1   -1   -1   -1   -1   -1   -1   -1   -1    0    0    0    0
    0    0    0    0    0    0    0    0    0    0    0    0    0    0    0    0
Debug 1
Debug 2
Debug 3
Contador 0
12 13 14 12 13 14 
Contador 0
12 13 14 12 13 14 
   -1   -1   -1   -1   -1   -1   -1   -1   -1   -1   -1   -1    6    6    0    0
   -1   -1   -1   -1   -1   -1   -1   -1   -1   -1   -1   -1    0    0    0    0
   -1   -1   -1   -1   -1   -1   -1   -1   -1   -1   -1   -1    0    0    0    0
   -1   -1   -1   -1   -1   -1   -1   -1   -1   -1   -1   -1    6    6    0    0
   -1   -1   -1   -1   -1   -1   -1   -1   -1   -1   -1   -1    0    0    0    0
    0    0    0    0    0    0    0    0    0    0    0    0    0    0    0    0


Disciplina Disc_7 Marketing I
Agenda turma pré-disc 
Turma: 3º Bach. Administração
   -1   -1   -1   -1   -1   -1   -1   -1   -1   -1   -1   -1    6    6    0    0
   -1   -1   -1   -1   -1   -1   -1   -1   -1   -1   -1   -1    0    0    0    0
   -1   -1   -1   -1   -1   -1   -1   -1   -1   -1   -1   -1    0    0    0    0
   -1   -1   -1   -1   -1   -1   -1   -1   -1   -1   -1   -1    6    6    0    0
   -1   -1   -1   -1   -1   -1   -1   -1   -1   -1   -1   -1    0    0    0    0
    0    0    0    0    0    0    0    0    0    0    0    0    0    0    0    0
Debug 1
Debug 2
Debug 3
Contador 0
14 14 
Contador 0
14 14 
   -1   -1   -1   -1   -1   -1   -1   -1   -1   -1   -1   -1    6    6    7    7
   -1   -1   -1   -1   -1   -1   -1   -1   -1   -1   -1   -1    0    0    0    0
   -1   -1   -1   -1   -1   -1   -1   -1   -1   -1   -1   -1    0    0    0    0
   -1   -1   -1   -1   -1   -1   -1   -1   -1   -1   -1   -1    6    6    7    7
   -1   -1   -1   -1   -1   -1   -1   -1   -1   -1   -1   -1    0    0    0    0
    0    0    0    0    0    0    0    0    0    0    0    0    0    0    0    0


Disciplina Disc_8 Logística
Agenda turma pré-disc 
Turma: 3º Bach. Administração
   -1   -1   -1   -1   -1   -1   -1   -1   -1   -1   -1   -1    6    6    7    7
   -1   -1   -1   -1   -1   -1   -1   -1   -1   -1   -1   -1    0    0    0    0
   -1   -1   -1   -1   -1   -1   -1   -1   -1   -1   -1   -1    0    0    0    0
   -1   -1   -1   -1   -1   -1   -1   -1   -1   -1   -1   -1    6    6    7    7
   -1   -1   -1   -1   -1   -1   -1   -1   -1   -1   -1   -1    0    0    0    0
    0    0    0    0    0    0    0    0    0    0    0    0    0    0    0    0
Debug 1
Debug 2
Debug 3
Contador 0
12 13 14 12 13 14 
Contador 0
12 13 14 12 13 14 
   -1   -1   -1   -1   -1   -1   -1   -1   -1   -1   -1   -1    6    6    7    7
   -1   -1   -1   -1   -1   -1   -1   -1   -1   -1   -1   -1    0    0    0    0
   -1   -1   -1   -1   -1   -1   -1   -1   -1   -1   -1   -1    8    8    0    0
   -1   -1   -1   -1   -1   -1   -1   -1   -1   -1   -1   -1    6    6    7    7
   -1   -1   -1   -1   -1   -1   -1   -1   -1   -1   -1   -1    8    8    0    0
    0    0    0    0    0    0    0    0    0    0    0    0    0    0    0    0


Disciplina Disc_9 Contabilidade
Agenda turma pré-disc 
Turma: 3º Bach. Administração
   -1   -1   -1   -1   -1   -1   -1   -1   -1   -1   -1   -1    6    6    7    7
   -1   -1   -1   -1   -1   -1   -1   -1   -1   -1   -1   -1    0    0    0    0
   -1   -1   -1   -1   -1   -1   -1   -1   -1   -1   -1   -1    8    8    0    0
   -1   -1   -1   -1   -1   -1   -1   -1   -1   -1   -1   -1    6    6    7    7
   -1   -1   -1   -1   -1   -1   -1   -1   -1   -1   -1   -1    8    8    0    0
    0    0    0    0    0    0    0    0    0    0    0    0    0    0    0    0
Debug 1
Debug 2
Debug 3
Contador 0
14 14 
Contador 0

Contador 1
12 13 14 12 13 14 
   -1   -1   -1   -1   -1   -1   -1   -1   -1   -1   -1   -1    6    6    7    7
   -1   -1   -1   -1   -1   -1   -1   -1   -1   -1   -1   -1    9    9    0    0
   -1   -1   -1   -1   -1   -1   -1   -1   -1   -1   -1   -1    8    8    0    0
   -1   -1   -1   -1   -1   -1   -1   -1   -1   -1   -1   -1    6    6    7    7
   -1   -1   -1   -1   -1   -1   -1   -1   -1   -1   -1   -1    8    8    9    9
    0    0    0    0    0    0    0    0    0    0    0    0    0    0    0    0


Disciplina Disc_10 Gestão de Pessoas II
Agenda turma pré-disc 
Turma: 3º Bach. Administração
   -1   -1   -1   -1   -1   -1   -1   -1   -1   -1   -1   -1    6    6    7    7
   -1   -1   -1   -1   -1   -1   -1   -1   -1   -1   -1   -1    9    9    0    0
   -1   -1   -1   -1   -1   -1   -1   -1   -1   -1   -1   -1    8    8    0    0
   -1   -1   -1   -1   -1   -1   -1   -1   -1   -1   -1   -1    6    6    7    7
   -1   -1   -1   -1   -1   -1   -1   -1   -1   -1   -1   -1    8    8    9    9
    0    0    0    0    0    0    0    0    0    0    0    0    0    0    0    0
Debug 1
Debug 2
Debug 3
Contador 0

Contador 1

Contador 2
14 14 
Contador 0
14 14 
   -1   -1   -1   -1   -1   -1   -1   -1   -1   -1   -1   -1    6    6    7    7
   -1   -1   -1   -1   -1   -1   -1   -1   -1   -1   -1   -1    9    9   10   10
   -1   -1   -1   -1   -1   -1   -1   -1   -1   -1   -1   -1    8    8   10   10
   -1   -1   -1   -1   -1   -1   -1   -1   -1   -1   -1   -1    6    6    7    7
   -1   -1   -1   -1   -1   -1   -1   -1   -1   -1   -1   -1    8    8    9    9
    0    0    0    0    0    0    0    0    0    0    0    0    0    0    0    0


Disciplina Disc_11 Fundamentos do Agronegócio
Agenda turma pré-disc 
Turma: Agronegócio Especial
    0    0    0    0    0    0    0    0    0    0    0    0    0    0    0    0
    0    0    0    0    0    0    0    0    0    0    0    0    0    0    0    0
    0    0    0    0    0    0    0    0    0    0    0    0    0    0    0    0
    0    0    0    0    0    0    0    0    0    0    0    0    0    0    0    0
    0    0    0    0    0    0    0    0    0    0    0    0    0    0    0    0
    0    0    0    0    0    0    0    0    0    0    0    0    0    0    0    0
Debug 1
Debug 2
Debug 3
Contador 0
12 13 12 13 
    0    0    0    0    0    0    0    0    0    0    0    0    0    0    0    0
    0    0    0    0    0    0    0    0    0    0    0    0    0    0    0    0
    0    0    0    0    0    0    0    0    0    0    0    0   11   11   11    0
    0    0    0    0    0    0    0    0    0    0    0    0    0    0    0    0
    0    0    0    0    0    0    0    0    0    0    0    0    0    0    0    0
    0    0    0    0    0    0    0    0    0    0    0    0    0    0    0    0


Disciplina Disc_12 Trabalho de Curso I
Agenda turma pré-disc 
Turma: Agronegócio Especial
    0    0    0    0    0    0    0    0    0    0    0    0    0    0    0    0
    0    0    0    0    0    0    0    0    0    0    0    0    0    0    0    0
    0    0    0    0    0    0    0    0    0    0    0    0   11   11   11    0
    0    0    0    0    0    0    0    0    0    0    0    0    0    0    0    0
    0    0    0    0    0    0    0    0    0    0    0    0    0    0    0    0
    0    0    0    0    0    0    0    0    0    0    0    0    0    0    0    0
Debug 1
Debug 2
Debug 3
Contador 0
12 13 12 13 
    0    0    0    0    0    0    0    0    0    0    0    0    0    0    0    0
    0    0    0    0    0    0    0    0    0    0    0    0   12   12   12    0
    0    0    0    0    0    0    0    0    0    0    0    0   11   11   11    0
    0    0    0    0    0    0    0    0    0    0    0    0    0    0    0    0
    0    0    0    0    0    0    0    0    0    0    0    0    0    0    0    0
    0    0    0    0    0    0    0    0    0    0    0    0    0    0    0    0


Disciplina Disc_13 Ecologia Geral
Agenda turma pré-disc 
Turma: 1º Agronomia
   -1   -1   -1   -1   -1   -1    0    0    0    0    0    0   -1   -1   -1   -1
   -1   -1   -1   -1   -1   -1    0    0    0    0    0    0   -1   -1   -1   -1
   -1   -1   -1   -1   -1   -1    0    0    0    0    0    0   -1   -1   -1   -1
   -1   -1   -1   -1   -1   -1    0    0    0    0    0    0   -1   -1   -1   -1
   -1   -1   -1   -1   -1   -1    0    0    0    0    0    0   -1   -1   -1   -1
   -1   -1   -1   -1   -1   -1   -1   -1   -1   -1   -1   -1   -1   -1   -1   -1
Debug 1
Debug 2
Debug 3
Contador 0
6 7 8 9 10 6 7 8 9 10 
   -1   -1   -1   -1   -1   -1   13   13    0    0    0    0   -1   -1   -1   -1
   -1   -1   -1   -1   -1   -1    0    0    0    0    0    0   -1   -1   -1   -1
   -1   -1   -1   -1   -1   -1    0    0    0    0    0    0   -1   -1   -1   -1
   -1   -1   -1   -1   -1   -1    0    0    0    0    0    0   -1   -1   -1   -1
   -1   -1   -1   -1   -1   -1    0    0    0    0    0    0   -1   -1   -1   -1
   -1   -1   -1   -1   -1   -1   -1   -1   -1   -1   -1   -1   -1   -1   -1   -1


Disciplina Disc_14 Biologia Celular
Agenda turma pré-disc 
Turma: 1º Agronomia
   -1   -1   -1   -1   -1   -1   13   13    0    0    0    0   -1   -1   -1   -1
   -1   -1   -1   -1   -1   -1    0    0    0    0    0    0   -1   -1   -1   -1
   -1   -1   -1   -1   -1   -1    0    0    0    0    0    0   -1   -1   -1   -1
   -1   -1   -1   -1   -1   -1    0    0    0    0    0    0   -1   -1   -1   -1
   -1   -1   -1   -1   -1   -1    0    0    0    0    0    0   -1   -1   -1   -1
   -1   -1   -1   -1   -1   -1   -1   -1   -1   -1   -1   -1   -1   -1   -1   -1
Debug 1
Debug 2
Debug 3
Contador 0
6 7 6 7 
   -1   -1   -1   -1   -1   -1   13   13    0    0    0    0   -1   -1   -1   -1
   -1   -1   -1   -1   -1   -1    0    0    0    0    0    0   -1   -1   -1   -1
   -1   -1   -1   -1   -1   -1   14   14   14   14   14    0   -1   -1   -1   -1
   -1   -1   -1   -1   -1   -1    0    0    0    0    0    0   -1   -1   -1   -1
   -1   -1   -1   -1   -1   -1    0    0    0    0    0    0   -1   -1   -1   -1
   -1   -1   -1   -1   -1   -1   -1   -1   -1   -1   -1   -1   -1   -1   -1   -1


Disciplina Disc_15 Metodologia Científica
Agenda turma pré-disc 
Turma: 1º Agronomia
   -1   -1   -1   -1   -1   -1   13   13    0    0    0    0   -1   -1   -1   -1
   -1   -1   -1   -1   -1   -1    0    0    0    0    0    0   -1   -1   -1   -1
   -1   -1   -1   -1   -1   -1   14   14   14   14   14    0   -1   -1   -1   -1
   -1   -1   -1   -1   -1   -1    0    0    0    0    0    0   -1   -1   -1   -1
   -1   -1   -1   -1   -1   -1    0    0    0    0    0    0   -1   -1   -1   -1
   -1   -1   -1   -1   -1   -1   -1   -1   -1   -1   -1   -1   -1   -1   -1   -1
Debug 1
Debug 2
Debug 3
Contador 0
6 7 8 9 6 7 8 9 
   -1   -1   -1   -1   -1   -1   13   13    0    0    0    0   -1   -1   -1   -1
   -1   -1   -1   -1   -1   -1   15   15   15    0    0    0   -1   -1   -1   -1
   -1   -1   -1   -1   -1   -1   14   14   14   14   14    0   -1   -1   -1   -1
   -1   -1   -1   -1   -1   -1    0    0    0    0    0    0   -1   -1   -1   -1
   -1   -1   -1   -1   -1   -1    0    0    0    0    0    0   -1   -1   -1   -1
   -1   -1   -1   -1   -1   -1   -1   -1   -1   -1   -1   -1   -1   -1   -1   -1


Disciplina Disc_16 Desenho Técnico
Agenda turma pré-disc 
Turma: 1º Agronomia
   -1   -1   -1   -1   -1   -1   13   13    0    0    0    0   -1   -1   -1   -1
   -1   -1   -1   -1   -1   -1   15   15   15    0    0    0   -1   -1   -1   -1
   -1   -1   -1   -1   -1   -1   14   14   14   14   14    0   -1   -1   -1   -1
   -1   -1   -1   -1   -1   -1    0    0    0    0    0    0   -1   -1   -1   -1
   -1   -1   -1   -1   -1   -1    0    0    0    0    0    0   -1   -1   -1   -1
   -1   -1   -1   -1   -1   -1   -1   -1   -1   -1   -1   -1   -1   -1   -1   -1
Debug 1
Debug 2
Debug 3
Contador 0
6 7 8 9 10 6 7 8 9 10 
Contador 0
9 10 9 10 
Contador 0
6 7 8 9 10 6 7 8 9 10 
   -1   -1   -1   -1   -1   -1   13   13    0    0    0    0   -1   -1   -1   -1
   -1   -1   -1   -1   -1   -1   15   15   15   16   16    0   -1   -1   -1   -1
   -1   -1   -1   -1   -1   -1   14   14   14   14   14    0   -1   -1   -1   -1
   -1   -1   -1   -1   -1   -1   16   16    0    0    0    0   -1   -1   -1   -1
   -1   -1   -1   -1   -1   -1   16   16    0    0    0    0   -1   -1   -1   -1
   -1   -1   -1   -1   -1   -1   -1   -1   -1   -1   -1   -1   -1   -1   -1   -1


Disciplina Disc_17 Química Geral
Agenda turma pré-disc 
Turma: 1º Agronomia
   -1   -1   -1   -1   -1   -1   13   13    0    0    0    0   -1   -1   -1   -1
   -1   -1   -1   -1   -1   -1   15   15   15   16   16    0   -1   -1   -1   -1
   -1   -1   -1   -1   -1   -1   14   14   14   14   14    0   -1   -1   -1   -1
   -1   -1   -1   -1   -1   -1   16   16    0    0    0    0   -1   -1   -1   -1
   -1   -1   -1   -1   -1   -1   16   16    0    0    0    0   -1   -1   -1   -1
   -1   -1   -1   -1   -1   -1   -1   -1   -1   -1   -1   -1   -1   -1   -1   -1
Debug 1
Debug 2
Debug 3
Contador 0

Contador 1
8 9 10 8 9 10 
Contador 0

Contador 1
8 9 10 8 9 10 
   -1   -1   -1   -1   -1   -1   13   13    0    0    0    0   -1   -1   -1   -1
   -1   -1   -1   -1   -1   -1   15   15   15   16   16    0   -1   -1   -1   -1
   -1   -1   -1   -1   -1   -1   14   14   14   14   14    0   -1   -1   -1   -1
   -1   -1   -1   -1   -1   -1   16   16   17   17    0    0   -1   -1   -1   -1
   -1   -1   -1   -1   -1   -1   16   16   17   17    0    0   -1   -1   -1   -1
   -1   -1   -1   -1   -1   -1   -1   -1   -1   -1   -1   -1   -1   -1   -1   -1


Disciplina Disc_18 Cálculo Diferencial e Integral I
Agenda turma pré-disc 
Turma: 1º Agronomia
   -1   -1   -1   -1   -1   -1   13   13    0    0    0    0   -1   -1   -1   -1
   -1   -1   -1   -1   -1   -1   15   15   15   16   16    0   -1   -1   -1   -1
   -1   -1   -1   -1   -1   -1   14   14   14   14   14    0   -1   -1   -1   -1
   -1   -1   -1   -1   -1   -1   16   16   17   17    0    0   -1   -1   -1   -1
   -1   -1   -1   -1   -1   -1   16   16   17   17    0    0   -1   -1   -1   -1
   -1   -1   -1   -1   -1   -1   -1   -1   -1   -1   -1   -1   -1   -1   -1   -1
Debug 1
Debug 2
Debug 3
Contador 0
8 9 8 9 
Contador 0

Contador 1
10 10 
   -1   -1   -1   -1   -1   -1   13   13   18   18   18    0   -1   -1   -1   -1
   -1   -1   -1   -1   -1   -1   15   15   15   16   16    0   -1   -1   -1   -1
   -1   -1   -1   -1   -1   -1   14   14   14   14   14    0   -1   -1   -1   -1
   -1   -1   -1   -1   -1   -1   16   16   17   17   18   18   -1   -1   -1   -1
   -1   -1   -1   -1   -1   -1   16   16   17   17    0    0   -1   -1   -1   -1
   -1   -1   -1   -1   -1   -1   -1   -1   -1   -1   -1   -1   -1   -1   -1   -1


Disciplina Disc_19 Introdução à Agronomia
Agenda turma pré-disc 
Turma: 1º Agronomia
   -1   -1   -1   -1   -1   -1   13   13   18   18   18    0   -1   -1   -1   -1
   -1   -1   -1   -1   -1   -1   15   15   15   16   16    0   -1   -1   -1   -1
   -1   -1   -1   -1   -1   -1   14   14   14   14   14    0   -1   -1   -1   -1
   -1   -1   -1   -1   -1   -1   16   16   17   17   18   18   -1   -1   -1   -1
   -1   -1   -1   -1   -1   -1   16   16   17   17    0    0   -1   -1   -1   -1
   -1   -1   -1   -1   -1   -1   -1   -1   -1   -1   -1   -1   -1   -1   -1   -1
Debug 1
Debug 2
Debug 3
Contador 0

Contador 1

Contador 2

Contador 3

Contador 4
10 10 
   -1   -1   -1   -1   -1   -1   13   13   18   18   18    0   -1   -1   -1   -1
   -1   -1   -1   -1   -1   -1   15   15   15   16   16    0   -1   -1   -1   -1
   -1   -1   -1   -1   -1   -1   14   14   14   14   14    0   -1   -1   -1   -1
   -1   -1   -1   -1   -1   -1   16   16   17   17   18   18   -1   -1   -1   -1
   -1   -1   -1   -1   -1   -1   16   16   17   17   19   19   -1   -1   -1   -1
   -1   -1   -1   -1   -1   -1   -1   -1   -1   -1   -1   -1   -1   -1   -1   -1


Disciplina Disc_20 Física do Solo
Agenda turma pré-disc 
Turma: 3º Agronomia
    0    0    0    0    0    0   -1   -1   -1   -1   -1   -1   -1   -1   -1   -1
    0    0    0    0    0    0   -1   -1   -1   -1   -1   -1   -1   -1   -1   -1
    0    0    0    0    0    0   -1   -1   -1   -1   -1   -1   -1   -1   -1   -1
    0    0    0    0    0    0   -1   -1   -1   -1   -1   -1   -1   -1   -1   -1
    0    0    0    0    0    0   -1   -1   -1   -1   -1   -1   -1   -1   -1   -1
   -1   -1   -1   -1   -1   -1   -1   -1   -1   -1   -1   -1   -1   -1   -1   -1
Debug 1
Debug 2
Debug 3
Contador 0
0 1 0 1 
    0    0    0    0    0    0   -1   -1   -1   -1   -1   -1   -1   -1   -1   -1
    0    0    0    0    0    0   -1   -1   -1   -1   -1   -1   -1   -1   -1   -1
    0    0    0    0    0    0   -1   -1   -1   -1   -1   -1   -1   -1   -1   -1
    0    0    0    0    0    0   -1   -1   -1   -1   -1   -1   -1   -1   -1   -1
   20   20   20   20   20    0   -1   -1   -1   -1   -1   -1   -1   -1   -1   -1
   -1   -1   -1   -1   -1   -1   -1   -1   -1   -1   -1   -1   -1   -1   -1   -1


Disciplina Disc_21 Estatística Experimental
Agenda turma pré-disc 
Turma: 3º Agronomia
    0    0    0    0    0    0   -1   -1   -1   -1   -1   -1   -1   -1   -1   -1
    0    0    0    0    0    0   -1   -1   -1   -1   -1   -1   -1   -1   -1   -1
    0    0    0    0    0    0   -1   -1   -1   -1   -1   -1   -1   -1   -1   -1
    0    0    0    0    0    0   -1   -1   -1   -1   -1   -1   -1   -1   -1   -1
   20   20   20   20   20    0   -1   -1   -1   -1   -1   -1   -1   -1   -1   -1
   -1   -1   -1   -1   -1   -1   -1   -1   -1   -1   -1   -1   -1   -1   -1   -1
Debug 1
Debug 2
Debug 3
Contador 0
0 1 2 3 4 0 1 2 3 4 
Contador 0
0 1 2 3 4 0 1 2 3 4 
    0    0    0    0    0    0   -1   -1   -1   -1   -1   -1   -1   -1   -1   -1
    0    0    0    0    0    0   -1   -1   -1   -1   -1   -1   -1   -1   -1   -1
   21   21    0    0    0    0   -1   -1   -1   -1   -1   -1   -1   -1   -1   -1
   21   21    0    0    0    0   -1   -1   -1   -1   -1   -1   -1   -1   -1   -1
   20   20   20   20   20    0   -1   -1   -1   -1   -1   -1   -1   -1   -1   -1
   -1   -1   -1   -1   -1   -1   -1   -1   -1   -1   -1   -1   -1   -1   -1   -1


Disciplina Disc_22 Química Analítica
Agenda turma pré-disc 
Turma: 3º Agronomia
    0    0    0    0    0    0   -1   -1   -1   -1   -1   -1   -1   -1   -1   -1
    0    0    0    0    0    0   -1   -1   -1   -1   -1   -1   -1   -1   -1   -1
   21   21    0    0    0    0   -1   -1   -1   -1   -1   -1   -1   -1   -1   -1
   21   21    0    0    0    0   -1   -1   -1   -1   -1   -1   -1   -1   -1   -1
   20   20   20   20   20    0   -1   -1   -1   -1   -1   -1   -1   -1   -1   -1
   -1   -1   -1   -1   -1   -1   -1   -1   -1   -1   -1   -1   -1   -1   -1   -1
Debug 1
Debug 2
Debug 3
Contador 0
0 1 2 3 4 0 1 2 3 4 
Contador 0
0 1 2 3 4 0 1 2 3 4 
Contador 0

Contador 1
2 3 4 2 3 4 
   22   22    0    0    0    0   -1   -1   -1   -1   -1   -1   -1   -1   -1   -1
   22   22    0    0    0    0   -1   -1   -1   -1   -1   -1   -1   -1   -1   -1
   21   21   22   22    0    0   -1   -1   -1   -1   -1   -1   -1   -1   -1   -1
   21   21    0    0    0    0   -1   -1   -1   -1   -1   -1   -1   -1   -1   -1
   20   20   20   20   20    0   -1   -1   -1   -1   -1   -1   -1   -1   -1   -1
   -1   -1   -1   -1   -1   -1   -1   -1   -1   -1   -1   -1   -1   -1   -1   -1


Disciplina Disc_23 Topografia - Planimetria
Agenda turma pré-disc 
Turma: 3º Agronomia
   22   22    0    0    0    0   -1   -1   -1   -1   -1   -1   -1   -1   -1   -1
   22   22    0    0    0    0   -1   -1   -1   -1   -1   -1   -1   -1   -1   -1
   21   21   22   22    0    0   -1   -1   -1   -1   -1   -1   -1   -1   -1   -1
   21   21    0    0    0    0   -1   -1   -1   -1   -1   -1   -1   -1   -1   -1
   20   20   20   20   20    0   -1   -1   -1   -1   -1   -1   -1   -1   -1   -1
   -1   -1   -1   -1   -1   -1   -1   -1   -1   -1   -1   -1   -1   -1   -1   -1
Debug 1
Debug 2
Debug 3
Contador 0
6 7 8 6 7 8 
   22   22    0    0    0    0   -1   -1   -1   -1   -1   -1   -1   -1   -1   -1
   22   22    0    0    0    0   -1   -1   -1   -1   -1   -1   -1   -1   -1   -1
   21   21   22   22    0    0   -1   -1   -1   -1   -1   -1   -1   -1   -1   -1
   21   21    0    0    0    0   -1   -1   -1   -1   -1   -1   -1   -1   -1   -1
   20   20   20   20   20    0   23   23   23   23   -1   -1   -1   -1   -1   -1
   -1   -1   -1   -1   -1   -1   -1   -1   -1   -1   -1   -1   -1   -1   -1   -1


Disciplina Disc_24 Anatomia Vegetal
Agenda turma pré-disc 
Turma: 3º Agronomia
   22   22    0    0    0    0   -1   -1   -1   -1   -1   -1   -1   -1   -1   -1
   22   22    0    0    0    0   -1   -1   -1   -1   -1   -1   -1   -1   -1   -1
   21   21   22   22    0    0   -1   -1   -1   -1   -1   -1   -1   -1   -1   -1
   21   21    0    0    0    0   -1   -1   -1   -1   -1   -1   -1   -1   -1   -1
   20   20   20   20   20    0   23   23   23   23   -1   -1   -1   -1   -1   -1
   -1   -1   -1   -1   -1   -1   -1   -1   -1   -1   -1   -1   -1   -1   -1   -1
Debug 1
Debug 2
Debug 3
Contador 0
4 4 
Contador 0
2 3 4 2 3 4 
   22   22    0    0    0    0   -1   -1   -1   -1   -1   -1   -1   -1   -1   -1
   22   22   24   24    0    0   -1   -1   -1   -1   -1   -1   -1   -1   -1   -1
   21   21   22   22   24   24   -1   -1   -1   -1   -1   -1   -1   -1   -1   -1
   21   21    0    0    0    0   -1   -1   -1   -1   -1   -1   -1   -1   -1   -1
   20   20   20   20   20    0   23   23   23   23   -1   -1   -1   -1   -1   -1
   -1   -1   -1   -1   -1   -1   -1   -1   -1   -1   -1   -1   -1   -1   -1   -1


Disciplina Disc_25 Microbiologia Agrícola
Agenda turma pré-disc 
Turma: 3º Agronomia
   22   22    0    0    0    0   -1   -1   -1   -1   -1   -1   -1   -1   -1   -1
   22   22   24   24    0    0   -1   -1   -1   -1   -1   -1   -1   -1   -1   -1
   21   21   22   22   24   24   -1   -1   -1   -1   -1   -1   -1   -1   -1   -1
   21   21    0    0    0    0   -1   -1   -1   -1   -1   -1   -1   -1   -1   -1
   20   20   20   20   20    0   23   23   23   23   -1   -1   -1   -1   -1   -1
   -1   -1   -1   -1   -1   -1   -1   -1   -1   -1   -1   -1   -1   -1   -1   -1
Debug 1
Debug 2
Debug 3
Contador 0

Contador 1
4 4 
Contador 0
2 3 4 2 3 4 
Contador 0

Contador 1
2 3 4 2 3 4 
   22   22   25   25    0    0   -1   -1   -1   -1   -1   -1   -1   -1   -1   -1
   22   22   24   24   25   25   -1   -1   -1   -1   -1   -1   -1   -1   -1   -1
   21   21   22   22   24   24   -1   -1   -1   -1   -1   -1   -1   -1   -1   -1
   21   21   25   25    0    0   -1   -1   -1   -1   -1   -1   -1   -1   -1   -1
   20   20   20   20   20    0   23   23   23   23   -1   -1   -1   -1   -1   -1
   -1   -1   -1   -1   -1   -1   -1   -1   -1   -1   -1   -1   -1   -1   -1   -1


Disciplina Disc_26 Entomologia Geral
Agenda turma pré-disc 
Turma: 3º Agronomia
   22   22   25   25    0    0   -1   -1   -1   -1   -1   -1   -1   -1   -1   -1
   22   22   24   24   25   25   -1   -1   -1   -1   -1   -1   -1   -1   -1   -1
   21   21   22   22   24   24   -1   -1   -1   -1   -1   -1   -1   -1   -1   -1
   21   21   25   25    0    0   -1   -1   -1   -1   -1   -1   -1   -1   -1   -1
   20   20   20   20   20    0   23   23   23   23   -1   -1   -1   -1   -1   -1
   -1   -1   -1   -1   -1   -1   -1   -1   -1   -1   -1   -1   -1   -1   -1   -1
Debug 1
Debug 2
Debug 3
Contador 0

Contador 1

Contador 2

Contador 3

Contador 4

Contador 5

Contador 6

Contador 7

Contador 8

Contador 9

Contador 10

Contador 11

Contador 12

Contador 13

Contador 14

Contador 15

Contador 16

Contador 17

Contador 18

Contador 19

Contador 20

Contador 21

Contador 22

Contador 23

Contador 24

Contador 25

Contador 26

Contador 27

Contador 28

Contador 29

Contador 30

Contador 31
